sample	average_depth	percentage_above_10	percentage_above_20	percentage_above_30
100_19965_20	36.92	91.71	90.83	83.84
101_19226_20	33.45	91.6	90.24	74.05
102_19843_20	35.33	91.67	90.63	79.97
103_19902_20	33.28	91.64	90.27	74.1
104_KG19964_20	33.52	91.67	90.36	75.19
107_18857_20	33.56	91.63	90.3	74.49
108_19328_20	31.35	91.53	89.54	65.58
109_KG19686_20	36.75	92.14	88.87	80.29
10_30_20	36.82	92.16	88.9	80.31
1120-COVID	37.01	92.22	88.89	79.95
113_19327_20	34.0	91.62	90.43	76.52
1156-COVID	35.84	91.65	90.69	81.03
1158-COVID	37.11	92.11	88.51	79.31
115_19954_20	33.3	92.02	87.66	72.94
11___19314_20	33.62	91.64	90.29	75.67
121_20131_20	30.73	91.53	89.23	63.2
123_19737_20	33.14	91.53	89.87	73.29
124_19331_20	32.71	91.56	90.0	72.14
125_1894428	33.51	92.0	87.7	73.43
126_20235_20	32.66	91.57	89.86	71.21
12_19264_20	32.12	91.97	87.09	68.94
131_COV84_20	36.07	92.14	88.66	79.24
132_20504_20	31.96	91.93	87.0	68.23
139_20234_20	33.47	92.02	87.76	73.58
13_49_20	36.12	92.16	88.74	79.28
142_18211_20	31.85	91.58	89.79	68.64
144_COV79_20	36.56	91.74	90.74	82.72
147_PorCOV_KOM	35.02	92.15	88.4	77.17
150_COV78_20	36.59	91.71	90.77	82.7
153_20475_20	32.49	91.94	87.32	70.46
154_20277_20	34.04	92.05	87.91	74.7
156_20461_20	32.23	91.61	89.97	70.88
158_18276_20	32.83	91.61	90.13	72.95
159_20482_20	33.11	91.62	90.03	73.5
15_3_20	35.81	92.16	88.63	78.8
160_20676_20	32.12	91.95	87.09	69.26
161_20493_20	32.83	91.99	87.36	70.91
162_20449_20	32.29	91.9	87.08	69.72
164_20429_20	32.94	91.99	87.41	71.54
167_20169_20	31.46	91.57	89.67	66.55
168_20473_20	32.05	91.94	87.0	68.97
16_28_20	35.35	92.13	88.43	77.78
171_20797_20	32.23	91.6	89.97	70.01
172_20935_20	37.6	91.68	90.77	84.64
175_COV_86_20	33.25	91.98	87.51	72.38
177-COVID	37.08	92.08	88.11	74.77
178_20931_20	31.48	91.88	86.71	66.38
17_20_20	34.44	92.1	88.11	75.68
180_20770_20	29.09	91.48	87.9	53.66
182_20690_20	33.77	92.03	87.73	72.87
186_20392_20	35.36	91.68	90.59	80.44
189_21110_20	33.05	91.59	90.07	73.46
18_19265_20	33.33	92.04	87.59	72.71
191_20480_20	32.8	91.98	87.33	70.94
193_20473_20	32.36	91.58	89.9	70.0
195_21126_20	32.11	91.59	89.9	69.87
198_21108_20	32.84	91.58	89.99	72.6
19_PorCOV_KOM	34.08	92.08	87.98	74.4
1_24_20	34.22	92.04	87.98	75.17
2041_COVID	35.29	92.13	88.36	77.23
204_20349_20	31.31	91.91	86.75	65.89
205_20228_20	32.29	91.94	87.13	69.57
20_52_20	33.76	92.05	87.87	73.88
20_PorCOV_KOM	36.05	91.74	90.69	81.4
213_KG21383_20	36.52	91.62	90.7	82.58
2150-COVID	36.45	92.16	88.88	80.3
2151-COVID	34.84	91.7	90.62	79.0
2153-COVID	39.89	92.18	89.2	81.39
219-COVID	38.04	91.75	90.84	82.69
220_21514_20	38.79	92.04	89.18	82.78
22_PorCOV_KOM	35.24	91.69	90.59	79.46
231_COV99_20	36.43	91.65	90.45	81.36
231_PorCOV_KOM	35.87	91.67	90.62	81.03
241_21875_20	34.08	91.64	90.35	76.62
243_21948_20	31.26	91.89	86.57	65.01
244_21811_20	36.18	91.7	90.63	81.5
247_22426_20	32.82	91.96	87.21	69.89
248_22436_20	37.79	92.24	89.26	81.54
249_22431_20	38.27	92.18	89.28	82.01
24_PorCOV	33.83	91.64	90.34	75.68
250_22455_20	38.83	92.23	89.57	82.93
251_22415_20	38.23	91.73	90.87	85.49
254_22408_20	41.06	91.77	91.06	88.1
25_19262_20	33.15	92.02	87.5	72.19
261_22289_20	35.9	92.14	88.49	78.0
262_22542_20	41.76	92.34	90.02	84.57
263_22544_20	36.27	91.69	90.59	81.79
264_22543_20	40.37	91.79	91.02	87.5
265_22549_20	36.38	92.16	88.85	79.68
267_22550_20	41.4	92.33	90.18	84.73
274_23049_20	37.53	92.21	89.22	81.39
275_23058_20	36.28	92.17	88.79	80.18
276_23037_20	38.75	92.27	89.53	82.99
277_23052_20	37.35	92.19	89.07	81.24
278_23061_20	38.73	92.24	89.5	82.81
279_23040_20	37.55	92.21	89.12	81.1
27_37_20	34.83	92.05	88.19	76.68
27_PorCOV	34.89	91.65	90.62	79.37
280_22594_20	38.14	92.18	89.3	82.14
281_22812_20	37.24	92.18	89.07	80.96
282_23044_20	39.29	92.23	89.57	83.55
283_22979_20	32.65	91.61	90.25	72.18
284_23111_20	32.93	91.6	90.19	72.82
285_23034_20	32.46	91.94	87.32	69.89
28_26_20	34.32	92.07	88.0	75.11
290_23183_20	36.06	91.71	90.62	79.31
293_23182_20	39.09	92.23	89.59	83.29
296_23072_20	36.39	92.16	88.82	78.91
297_23126_20	32.67	91.6	90.23	71.89
29_22_20	34.41	92.07	88.06	75.73
2_9_20	36.97	92.18	88.99	80.95
300-PORCOVKOM	35.24	91.65	90.58	79.97
303-PORCOVKOM	35.31	91.68	90.64	80.24
304-PORCOVKOM	34.86	91.65	90.52	78.88
306-PORCOVKOM	35.34	91.69	90.61	80.31
308_PORCOV_KOM	34.63	91.7	90.52	78.33
309-PORCOVKOM	35.04	91.7	90.59	79.7
30_58_20	35.69	92.14	88.55	78.69
31003-20	37.15	91.76	90.82	83.46
311-PORCOVKOM	34.12	92.16	88.12	74.68
312-PORCOVKOM	35.26	91.69	90.64	80.27
313_23386_20	32.74	91.53	87.21	70.99
316_23329_20	40.41	91.76	91.02	87.65
31821-20	38.46	92.24	89.46	82.47
31_21_20	35.02	92.11	88.3	77.41
32089-20	35.99	92.18	88.61	78.79
321-PORCOVKOM	34.36	91.68	90.5	77.15
322-PORCOVKOM	35.37	91.73	90.6	79.86
322_23380_20	32.72	91.92	87.38	71.08
323-PORCOVKOM	34.7	91.63	90.52	78.66
323_23477_20	32.55	91.83	87.33	70.98
324-PORCOVKOM	35.43	92.15	88.53	77.93
32474-20	38.12	92.22	89.43	81.81
324_23608_20	36.62	92.16	88.81	80.13
325_23237_20	32.48	91.96	87.3	69.91
326_23530_20	32.66	91.57	90.13	71.92
32743-20	35.92	92.14	88.75	78.88
327_23589_20	32.76	92.02	87.47	71.12
327_PORCOV_KOM	35.93	91.7	90.68	81.37
328_PORCOV_KOM	36.01	91.67	90.7	81.74
329_23609_20	35.04	92.09	88.41	77.87
32_29_20	33.19	92.01	87.63	72.82
330_23603_20	36.62	92.17	88.95	80.37
333_23607_20	36.66	92.19	88.87	80.32
335_23604_20	37.17	92.18	89.07	81.36
336_23606_20	37.02	92.2	89.05	80.89
337_23601_20	36.74	92.2	88.8	80.14
338_23709_20	32.74	91.98	87.49	71.06
340-PORCOVKOM	34.38	91.65	90.44	77.77
341-PORCOVKOM	36.01	91.7	90.62	81.27
342-PORCOVKOM	36.21	91.71	90.68	81.71
358_23976_20	32.87	91.99	87.55	71.42
359_23862_20	32.47	91.98	87.35	69.56
35_19267_20	32.87	92.03	87.3	71.2
362_23733_20	32.93	91.59	90.24	72.47
363_23987_20	32.68	91.57	90.25	72.4
365_23988_20	32.62	91.57	87.29	70.59
368_23986_20	32.66	91.51	87.4	71.65
36_48_20	34.68	92.09	88.2	76.67
375_24214_20	32.81	92.0	87.51	71.37
376_24211_20	32.63	91.96	87.28	70.14
377_23533_20	32.63	91.58	90.19	71.76
378_24218_20	32.86	91.91	87.39	71.37
379_24216_20	32.53	91.92	87.17	69.62
37_19270_20	32.61	91.96	87.34	71.05
381_24217_20	32.57	91.99	87.3	70.05
385_24350_20	32.56	91.93	87.28	70.11
387_23964_20	32.53	91.89	87.05	68.26
389_24332_20	32.61	91.87	87.22	70.62
38_8_20	34.86	92.09	88.24	76.97
390_24128_20	32.72	91.96	87.39	70.85
393_23969_20	32.66	91.99	87.39	70.2
394_24083_20	32.78	91.92	87.29	70.76
397_24268_20	32.74	91.61	90.16	71.14
39_53_20	34.34	92.04	88.04	75.73
3_42_20	36.2	92.18	88.74	78.69
400_24334_20	32.62	91.95	87.41	70.79
401_24572_20	32.9	91.59	90.21	73.1
403_24708_20	32.92	91.93	87.5	72.07
405_24803_20	32.61	91.98	87.41	70.72
40_4_20	33.08	92.0	87.62	72.43
410_24799_20	32.68	91.6	90.18	72.07
413_23657_20	32.77	91.6	90.08	72.17
41_33_20	35.43	92.12	88.5	78.15
420_24975_20	32.55	91.98	87.39	70.53
422_24898_20	32.61	92.01	87.48	71.04
423_24721_20	32.8	91.59	90.21	72.55
424_24804_20	32.7	91.98	87.47	71.11
425_24841_20	32.91	91.6	90.25	73.11
426_24935_20	32.65	91.96	87.43	71.21
427_24646_20	32.58	91.6	90.09	71.53
42_43_20	35.41	92.13	88.55	78.02
432_25209_20	32.69	91.97	87.31	70.74
434_25256_20	32.7	91.61	90.07	70.91
435_25319_20	32.58	91.97	87.41	70.86
437_25124_20	32.7	91.4	86.72	67.2
439_25203_20	32.75	92.0	87.43	70.63
440_25204_20	32.56	91.94	87.32	70.67
441_25316_20	32.55	91.95	87.18	69.87
442_25217_20	33.03	91.63	90.21	72.49
443_25019_20	34.74	92.07	88.29	76.08
445_25324_20	34.1	92.02	87.79	73.54
446_25406_20	36.79	92.17	89.03	80.7
447_25002_20	38.45	92.19	89.35	82.37
448_25409_20	37.25	91.72	90.88	84.26
449_25302_20	37.09	92.21	89.03	81.11
450_25294_20	37.81	92.2	89.27	81.99
451_22665_20	38.32	91.7	90.85	85.81
452_25397_20	36.91	91.67	90.79	83.53
453_25566_20	38.0	91.69	90.86	84.22
455_25647_20	35.62	92.13	88.41	78.06
456_25561_20	35.45	91.65	90.64	80.21
457_25636_20	37.86	91.76	88.83	81.56
458_22509_20	34.48	91.63	90.53	78.39
459_25518_20	35.14	92.05	88.12	76.36
460_25626_20	35.74	92.09	88.38	78.03
461_25570_20	35.85	91.69	90.7	80.71
462_25646_20	37.51	91.68	90.82	81.71
463_25631_20	35.63	91.65	90.68	80.61
464_25801_20	35.92	91.66	90.66	80.58
466_25669_20	35.05	92.06	88.07	75.86
467_26021_20	34.15	91.64	90.39	75.33
468_25894_20	36.2	91.65	90.73	81.85
469_26076_20	36.04	91.68	90.72	80.89
470_25900_20	36.32	92.12	88.59	79.22
471_25986_20	36.24	91.67	90.67	79.72
472_26083_20	36.06	91.66	90.71	81.58
473_26087_20	35.0	91.6	90.53	78.39
474_25645_20	36.71	91.69	90.82	83.4
475_26084_20	36.71	92.09	88.82	80.29
477_26247_20	37.13	92.21	88.95	80.92
478_26053_20	35.62	92.15	88.43	77.96
479_26055_20	36.66	91.69	90.8	83.02
47__19171_20	33.22	92.03	87.55	72.5
480_25977_20	36.93	91.7	90.85	83.8
481_26071_20	37.38	92.15	89.1	81.27
482_25795_20	36.56	91.66	90.74	82.9
483_25989_20	37.36	91.7	90.87	84.5
485_25981_20	37.12	92.2	88.88	80.73
486_26060_20	36.68	92.19	88.87	80.28
489-21	36.37	92.13	88.9	79.59
48_44_20	33.39	92.01	87.71	73.32
491_25724_20	33.42	91.62	90.21	73.05
492_25980_20	36.43	92.14	88.76	79.53
493-COVID	38.1	91.74	90.52	78.55
494_25609_20	34.68	92.06	88.12	76.33
495_26258_20	35.82	92.09	88.45	78.29
496_26253_20	36.19	92.18	88.69	79.62
497_26188_20	35.43	91.64	90.59	80.3
498_26347_20	33.93	91.63	90.44	76.21
499_26187_20	35.17	92.12	88.39	77.46
49_40_20	33.56	92.0	87.79	73.77
4_31_20	35.91	92.13	88.64	79.16
500_25396_20	34.87	92.09	88.27	76.81
502_26257_20	34.55	91.68	90.55	78.15
503_25721_20	35.1	92.1	88.2	77.08
504_26259_20	35.56	91.66	90.63	80.44
505_25979_20	35.26	92.07	88.31	77.52
506_26263_20	34.47	92.08	88.04	75.46
507_26272_20	35.01	91.6	90.54	79.35
508_26274_20	35.33	91.62	90.57	79.77
509_26266_20	32.49	91.97	87.32	70.24
50_5_20	36.26	92.11	88.69	79.66
511_26254_20	34.96	91.65	90.44	76.54
512_26054_20	34.12	91.66	90.42	76.6
514_25608_20	34.99	91.67	90.51	78.56
517_26267_20	36.56	91.73	90.83	82.75
518_26371_20	37.76	92.2	89.2	81.65
521_26504_20	34.26	92.08	88.0	74.73
522_26462_20	34.31	91.6	90.44	77.16
523_26575_20	34.81	91.61	90.49	77.54
524_26592_20	34.63	92.11	88.26	76.55
525_26677_20	34.33	91.65	90.45	76.95
526_26709_20	34.0	91.62	90.43	76.1
527_26555_20	33.79	92.02	87.88	74.17
528_26783_20	34.13	92.04	87.93	74.57
529_26780_20	34.22	91.94	87.43	71.29
530_26776_20	35.24	91.63	90.61	79.82
531_26829_20	36.25	91.72	90.77	81.88
532_26963_20	37.04	92.11	88.92	80.78
534_26717_20	35.37	92.08	88.26	77.17
535_27166_20	37.37	91.73	90.85	83.56
536_27181_20	36.22	92.11	88.52	78.9
539_26832_20	36.68	92.19	88.85	80.23
541_27189_20	36.03	92.13	88.55	78.98
542_27346_20	36.59	92.19	88.86	80.18
543_27258_20	34.78	92.11	88.19	76.98
544_27213_20	37.25	92.19	89.02	80.99
545_27164_20	34.17	91.63	90.41	75.39
547_26713_20	37.29	91.72	90.84	83.61
548_26970_20	35.81	92.1	88.44	78.27
549_27186_20	37.32	92.17	88.92	80.93
550_26838_20	34.68	92.05	88.07	75.94
552_26537_20	36.69	92.11	88.78	80.35
553_27170_20	34.85	91.62	90.48	77.87
554_27225_20	34.8	91.63	90.57	78.07
555_27612_20	35.41	92.08	88.37	77.77
55_19271_20	33.58	92.08	87.74	73.51
562_27743_20	37.11	92.17	88.92	80.55
563_27717_20	37.5	92.18	89.06	81.68
564_27895_20	36.87	92.19	88.93	80.42
566_27412_20	34.99	92.05	88.3	77.42
567_27848_20	35.03	92.13	88.38	77.66
56_25_20	35.88	92.13	88.55	78.79
570_27533_20	37.62	92.18	89.1	81.27
571_27896_20	37.89	92.22	89.21	81.92
572_27516_20	37.01	92.12	88.93	80.7
574_27215_20	36.4	92.14	88.65	79.26
575_27885_20	35.69	92.1	88.37	77.94
576_27339_20	35.67	92.06	88.31	77.34
577_27613_20	33.83	91.6	90.36	75.45
578_28030_20	36.17	92.16	88.77	79.42
579_27867_20	36.76	92.16	88.94	80.57
580_27534_20	37.69	91.74	90.89	84.68
581_27729_20	36.0	92.11	88.52	78.71
583_28049_20	34.54	91.64	90.47	77.98
584_27624_20	35.75	92.15	88.59	78.4
585_27642_20	36.45	91.71	90.82	82.75
586_28045_20	34.66	91.6	90.47	77.97
587_27641_20	36.95	92.23	88.97	80.71
58_23_20	34.42	92.05	88.04	75.7
590_28119_20	36.85	92.16	88.96	80.71
591_28109_20	37.14	91.74	90.84	83.78
592_28112_20	36.24	92.18	88.75	79.68
593_28249_20	34.37	92.06	88.08	75.7
594_27864_20	36.35	91.63	90.71	82.43
595_28209_20	34.24	92.01	87.99	75.16
596_27875_20	36.33	92.17	88.81	79.65
597_27750_20	35.87	92.11	88.58	78.67
599_27940_20	36.97	92.18	89.05	80.91
5_45_20	37.0	92.19	89.02	80.74
600_28361_20	37.11	91.69	90.84	83.97
601_27936_20	35.52	92.12	88.54	78.29
602_27934_20	37.45	92.19	89.08	81.16
603_28025_20	35.25	92.1	88.33	77.31
604_28046_20	36.78	92.2	88.92	80.36
605_28219_20	36.42	92.13	88.75	79.98
606_28044_20	37.01	92.23	88.98	80.75
607_27941_20	36.54	92.21	88.91	79.98
608_28328_20	36.85	92.15	89.02	80.85
60_19272_20	33.58	92.01	87.7	73.5
610_28341_20	36.82	92.15	88.87	80.34
611_28436_20	35.01	92.11	88.31	77.01
612_28337_20	34.03	91.61	90.43	76.49
614_28430_20	33.56	92.02	87.73	73.25
615_28338_20	36.74	92.19	88.92	80.3
616_28647_20	36.96	92.21	89.03	80.67
617_28438_20	36.85	91.72	90.83	83.34
618_26193_20	34.9	91.62	90.55	78.45
619_26533_20	38.15	92.12	89.11	82.16
61_19263_20	31.96	91.93	86.95	68.42
620_28648_20	37.23	91.74	90.87	84.01
621_27195_20	36.67	92.16	88.87	80.17
622_27076_20	33.05	91.98	87.61	72.24
623_28576_20	37.51	91.7	90.85	84.35
624_28452_20	37.23	91.69	90.85	83.95
625_28794_20	38.94	91.74	90.97	86.55
626_27337_20	34.85	91.65	90.56	78.81
627_28984_20	37.81	92.21	89.34	81.96
628_29088_20	33.77	92.06	87.88	74.05
629_27623_20	33.79	92.04	87.88	74.26
630_29321_20	38.04	91.65	88.92	81.91
631_28966_20	38.21	92.19	89.17	82.02
633_28990_20	34.84	92.03	88.22	76.75
634_28959_20	36.76	92.18	88.84	80.3
635_28682_20	37.54	91.7	90.88	84.48
636_29183_20	37.91	92.22	89.2	81.98
637_28704_20	37.3	92.12	88.84	81.3
638_29187_20	37.73	92.18	89.11	81.54
639_29300_20	35.61	92.15	88.46	78.35
63_55_20	35.54	92.12	88.5	78.16
640_28793_20	34.78	92.11	88.3	76.81
641_29322_20	33.86	92.04	87.83	74.02
642_29184_20	34.44	92.04	88.05	75.47
644_28967_20	36.71	91.69	90.78	82.85
646_28537_20	37.67	92.2	89.19	81.62
647_29215_20	38.94	91.78	90.96	85.96
648_29628_20	36.54	92.17	88.85	80.07
649_29934_20	37.98	91.73	90.89	85.3
64_36_20	36.39	92.14	88.72	79.84
650_29687_20	38.03	92.2	89.34	82.08
651_29825_20	37.68	92.19	89.25	81.88
652_29655_20	37.87	91.71	90.92	85.24
653_29965_20	37.55	91.69	90.83	84.42
654_29826_20	36.38	92.14	88.72	79.59
65__18919_20	33.23	91.57	90.21	74.4
661_30013_20	37.76	91.71	90.9	85.01
662_29922_20	37.86	92.2	89.16	81.82
669_30137_20	37.71	91.7	90.87	84.79
66__18984_20	33.91	91.6	90.36	76.83
671_29923_20	36.91	92.15	89.02	80.75
672_29829_20	38.05	92.2	89.37	82.12
673_30009_20	36.8	91.69	90.82	83.23
675_30004_20	37.24	92.17	89.0	81.14
676_30161_20	37.14	91.72	90.87	84.14
680_30542_20	38.5	92.2	89.46	82.6
682_30503_20	37.74	92.21	89.19	81.63
683_29933_20	37.1	91.71	90.8	83.76
684_30473_20	36.61	92.16	88.91	80.06
685_30709_20	35.43	92.12	88.53	78.38
686_30827_20	34.94	92.1	88.36	77.25
69__19564_20	33.48	91.58	90.16	75.02
6_38_20	35.94	92.08	88.53	79.14
76__19351_20	33.84	91.62	90.45	76.41
77__19404_20	33.37	91.63	90.35	74.66
79_60_20	37.55	92.19	89.07	81.33
7_39_20	36.16	92.17	88.72	79.56
80_62_20	33.22	92.02	87.66	72.61
81_71_20	38.58	92.22	89.43	82.64
82_69_20	37.48	92.18	89.09	81.24
83_58_20	37.16	92.2	89.0	80.74
85_72_20	36.5	92.14	88.83	79.76
86_56_20	38.34	92.23	89.28	81.83
87_64_20	35.84	92.18	88.62	78.96
88_61_20	38.07	92.19	89.19	81.44
89_68_20	37.25	92.18	88.97	80.69
8_41_20	35.52	92.12	88.55	78.01
90_70_20	37.27	92.21	88.92	80.56
91_65_20	37.26	92.17	89.0	80.91
93_67_20	37.17	92.2	88.95	80.43
94_66_20	36.85	92.14	88.87	79.74
95_59_20	39.26	92.25	89.58	82.93
96_63_20	38.0	92.18	89.14	81.51
97_KG19782_20	34.03	91.6	90.44	76.84
98_19782_20	34.83	91.61	90.49	78.19
990-21	37.08	92.23	88.93	80.53
99_18207_20	31.96	91.93	86.87	68.36
9_6_20	35.53	92.07	88.41	77.98
COV001K	32.6	91.6	90.21	72.08
COV002K	32.54	91.96	87.39	70.52
COV003K	32.79	91.59	90.03	70.78
COV004K	34.86	92.11	88.34	77.11
COV005K	32.36	92.01	87.21	69.22
COV006K	32.8	91.59	90.23	72.15
COV007K	34.51	92.1	88.17	76.18
COV008K	32.61	91.97	87.44	70.94
COV009K	32.7	91.62	90.2	72.28
COV010K	35.33	92.13	88.41	77.8
COV011K	32.51	91.99	87.39	70.29
COV012K	32.58	92.02	87.47	70.7
COV013K	32.67	91.59	90.24	72.34
COV014K	32.67	91.6	90.2	72.24
COV015K	32.78	91.6	90.18	72.49
COV016K	32.73	91.63	90.19	72.32
COV017K	32.57	91.58	90.09	71.83
COV018K	32.7	91.9	87.51	71.31
COV019K	32.47	92.02	87.4	70.2
COV020K	34.27	92.09	88.2	75.97
COV021K	32.46	92.01	87.4	70.08
COV022K	32.7	91.64	90.26	72.27
COV023K	32.54	92.0	87.47	70.8
COV024K	34.38	91.68	90.51	77.86
COV025K	32.52	91.99	87.35	70.45
COV026K	33.38	91.67	90.31	74.75
COV027K	32.53	91.62	90.11	71.24
COV028K	32.4	91.99	87.38	70.15
COV029K	32.7	91.99	87.4	70.69
COV030K	32.59	91.99	87.45	70.75
COV031K	32.58	91.98	87.4	70.54
COV032K	33.55	92.1	87.86	73.5
COV033K	32.81	91.59	90.14	72.23
COV034K	34.89	92.12	88.44	77.28
COV035K	32.31	91.98	87.15	68.75
COV036K	36.28	91.64	90.71	82.41
COV037K	36.02	92.14	88.66	79.24
COV038K	39.5	91.73	90.95	86.9
COV039K	33.18	92.02	87.67	72.77
COV040K	37.3	92.17	89.06	81.23
COV041K	32.38	92.02	87.36	70.08
COV042K	33.17	92.07	87.64	72.2
COV043K	32.59	91.99	87.36	70.36
COV044K	35.17	91.57	90.7	80.41
COV045K	39.44	91.63	90.98	87.54
COV046K	35.28	91.64	90.63	80.1
COV047K	38.78	92.18	89.47	82.47
COV048K	39.56	91.71	90.99	86.72
COV049K	32.87	92.04	87.57	71.52
COV050K	33.24	91.6	90.23	73.71
COV051K	34.45	92.06	88.07	75.58
COV052K	36.57	92.1	88.78	79.66
COV053K	34.98	92.09	88.22	76.75
COV054K	34.77	92.05	88.16	76.4
COV055K	34.99	91.63	90.59	79.26
COV056K	38.02	92.16	89.37	82.13
COV057K	39.39	91.74	91.0	86.75
COV058K	39.69	91.75	91.0	87.03
COV059K	38.07	91.75	90.91	84.38
COV060K	39.68	92.24	89.78	83.49
COV061K	40.72	91.82	91.11	87.89
COV062K	39.5	91.76	91.03	86.96
COV063K	36.52	91.67	90.76	82.61
COV064K	35.03	91.67	90.63	79.61
COV102Y002B	34.91	92.12	88.38	77.18
COV103X002A	34.53	91.64	90.53	78.03
COV104Y003B	35.72	92.19	88.62	78.63
COV108X005B	33.6	91.67	90.36	74.64
COV109X005A	35.69	91.71	90.68	80.58
COV110X006B	35.22	91.7	90.61	79.35
COV111Y006B	38.77	92.23	89.44	82.18
COV112X006B	35.75	91.7	90.74	81.44
COV113X006A	34.58	91.68	90.6	78.25
COV117Y007A	34.23	92.0	87.97	74.36
COV118X008A	36.26	91.68	90.75	82.12
COV119X008B	36.16	91.7	90.72	81.97
COV120Y009B	35.64	92.11	88.51	78.23
COV121X009B	35.27	91.66	90.68	80.18
COV122X009A	34.6	91.64	90.56	78.0
COV123Y009B	35.14	92.09	88.32	77.12
COV124Y009B	33.74	92.04	87.93	73.77
COV131Y013B	33.81	92.06	87.91	73.79
COV132X013A	33.52	91.61	90.23	74.82
COV135Y015B	35.48	92.13	88.45	78.26
COV136X015A	37.91	91.73	90.85	85.07
COV137Y015A	32.96	92.03	87.58	72.0
COV141Y017B	35.43	92.14	88.51	77.96
COV142X017B	34.91	91.65	90.57	79.0
COV143Y017A	34.91	92.1	88.35	76.81
COV152Y021A	34.55	92.1	88.18	76.24
COV153X021A	38.9	91.73	90.87	85.91
COV154X021B	40.21	91.76	90.97	87.33
COV155X007B	34.95	91.63	90.54	78.01
COV156Y022B	36.52	92.13	88.68	79.47
COV157X022A	35.18	91.68	90.67	79.58
COV158Y022B	36.06	92.16	88.69	79.18
COV160Y023B	34.71	92.06	88.19	76.77
COV161X023A	35.95	91.68	90.73	81.59
COV162Y023B	35.16	92.1	88.38	77.65
COV163X023A	36.08	91.68	90.73	81.89
COV164X024B	36.44	91.71	90.79	82.33
COV165X024B	36.34	91.65	90.72	82.3
COV166Y024A	35.41	92.14	88.51	78.17
COV167Y025B	36.2	92.15	88.76	79.38
COV168X025B	36.43	91.71	90.77	82.67
COV169X025A	35.92	91.7	90.74	81.53
COV173Y027B	35.73	92.15	88.57	78.66
COV174X027A	36.05	91.72	90.75	81.41
COV177X028B	35.72	91.68	90.72	81.02
COV178Y028B	35.63	92.12	88.55	78.45
COV179X028B	36.12	91.7	90.76	82.13
COV180Y028A	37.28	92.2	89.05	81.02
COV181Y029A	33.19	92.07	87.66	72.56
COV182X029B	36.05	91.68	90.76	82.17
COV183X029A	37.47	91.73	90.87	84.14
COV184Y029A	37.33	92.18	89.04	81.13
COV185Y030A	37.03	92.17	89.01	80.75
COV186X030B	36.95	91.68	90.81	83.5
COV187X031A	38.29	91.74	90.94	85.32
COV188X032A	36.56	91.73	90.79	82.56
COV189Y032A	35.91	92.14	88.69	79.09
COV190Y032B	37.21	92.21	89.07	80.99
COV191Y033B	36.51	92.18	88.91	79.98
COV192X033B	37.17	91.71	90.86	83.88
COV193Y033A	34.78	92.12	88.29	76.85
COV194Y034A	37.39	92.2	89.04	81.06
COV195X034B	32.69	91.63	90.12	71.53
COV198X036B	34.08	91.65	90.47	76.56
COV199X036A	33.3	91.61	90.32	74.34
COV200X036B	33.76	91.63	90.37	75.41
COV201Y037A	36.28	92.14	88.84	79.77
COV202X037A	33.75	91.64	90.39	75.56
COV203Y037B	33.28	92.0	87.57	71.98
COV207Y039B	40.01	92.25	89.85	83.98
COV208X039A	42.05	91.78	91.12	88.81
COV209X040A	37.78	91.72	90.87	85.02
COV210Y040B	36.58	92.18	88.94	80.25
COV214Y042B	34.63	92.11	88.44	76.22
COV215X042A	34.45	91.67	90.5	77.22
COV216X043A	33.69	91.64	90.36	75.35
COV217Y043B	33.26	92.03	87.65	72.02
COV218X044B	34.29	91.64	90.42	76.26
COV219Y044B	32.97	91.98	87.49	71.28
COV220X045A	34.92	91.67	90.54	78.47
COV221Y045B	33.97	92.07	87.99	73.9
COV222Y046B	33.48	92.03	87.67	72.7
COV223X046B	35.11	91.68	90.61	79.41
COV224Y046A	34.92	92.1	88.28	76.77
COV226Y048A	34.25	92.02	87.84	73.58
COV227X048B	35.28	91.67	90.05	73.52
COV228Y048B	37.25	92.21	89.25	81.18
COV231X050B	34.27	91.64	90.3	77.06
COV232Y050B	34.33	92.08	88.19	76.06
COV233X051B	33.66	91.59	90.41	75.8
COV234Y051A	32.59	91.95	86.92	65.24
COV235Y052B	37.61	92.21	89.22	81.77
COV236X052B	39.75	91.75	91.02	86.91
COV237X052A	41.64	91.79	91.08	88.27
COV238Y053B	42.95	92.31	90.38	85.57
COV239X053B	41.96	91.83	91.13	88.83
COV240X053A	40.8	91.81	91.07	88.17
COV241Y053B	38.85	92.22	89.55	83.02
COV243X054A	39.88	91.74	90.98	87.41
COV247X054B	41.83	91.76	91.08	88.69
COV250X057A	38.27	91.74	90.95	85.7
COV251Y057B	38.9	92.26	89.56	83.1
COV252Y057B	39.05	92.26	89.61	83.28
COV253X057A	41.3	91.82	91.07	88.24
COV254Y058A	39.58	92.3	89.75	83.67
COV255X058B	40.77	91.77	91.06	88.18
COV256Y059A	35.29	92.15	88.47	77.81
COV257X059B	39.02	91.72	90.95	86.59
COV258X060B	45.75	91.89	91.27	90.0
COV259Y060A	38.31	92.24	89.41	82.37
COV260X060B	36.44	91.7	90.79	82.61
COV263X062A	39.69	91.75	90.99	87.11
COV264Y062B	36.74	92.14	88.89	80.55
COV265X063B	35.29	91.65	90.51	79.82
COV266Y063A	33.12	92.04	87.64	72.14
COV267Y064B	38.71	92.22	89.47	82.89
COV268X064A	35.65	91.7	90.71	81.36
COV269X064B	36.33	91.71	90.75	82.68
COV273X066A	37.48	91.73	90.84	83.46
COV274Y066B	37.67	92.18	89.1	81.55
COV275X067B	39.12	91.71	90.95	86.88
COV276Y067A	37.09	92.18	89.03	80.95
COV277Y067B	35.74	92.11	88.61	78.84
COV280X069B	38.04	91.76	90.9	85.23
COV281Y069A	34.91	92.14	88.39	77.45
COV282Y070B	37.57	92.2	89.14	81.53
COV283X070A	41.14	91.8	91.09	88.29
COV284X071B	38.81	91.75	90.92	86.16
COV285Y071A	39.08	92.26	89.63	83.38
COV286X072A	41.65	91.78	91.1	88.55
COV287Y072B	37.94	92.21	89.27	82.12
COV288X073A	43.17	91.79	91.13	89.2
COV289Y073B	40.05	92.3	89.9	84.03
COV292Y075A	35.3	92.15	88.65	77.94
COV293X075B	35.77	91.7	90.7	81.18
COV295Y076A	40.49	92.3	90.02	84.38
COV296X076A	41.24	91.81	91.08	88.34
COV297X076B	40.91	91.8	91.07	88.15
COV298Y077B	37.59	92.18	89.16	81.65
COV299X077A	42.14	91.82	91.15	88.88
COV300X078A	41.53	91.82	91.13	88.54
COV301Y079B	40.61	92.3	89.99	84.37
COV302X078A	37.05	91.77	90.87	83.9
COV303Y079B	39.88	92.27	89.81	83.88
COV304X079A	41.36	91.79	91.09	88.22
COV306Y080B	42.23	92.29	90.34	85.09
COV307X080A	39.19	91.77	91.01	86.68
COV308Y081B	40.58	92.26	90.0	84.27
COV309X081A	40.03	91.75	91.04	87.55
COV310X081B	41.59	91.78	91.09	88.49
COV311Y082A	41.92	92.26	90.26	85.09
COV312X082B	38.87	91.74	90.96	86.49
COV313Y083A	42.39	92.31	90.3	85.26
COV314X083B	39.94	91.75	91.03	87.49
COV315Y083A	42.99	92.32	90.34	85.4
COV317X084B	39.5	91.77	91.02	87.1
COV318Y084A	40.94	92.31	90.08	84.6
COV319X085B	41.92	91.79	91.11	88.81
COV320Y085B	38.31	92.22	89.44	82.35
COV321X085A	41.15	91.8	91.07	88.17
COV322Y086A	35.24	92.09	88.43	77.67
COV323X086A	34.95	91.64	90.5	79.47
COV324X086B	39.07	91.68	90.87	85.61
COV325X087A	40.25	91.76	91.04	87.57
COV326Y087B	40.59	92.26	89.96	84.37
COV327Y088A	34.95	92.07	88.32	76.65
COV328X088A	35.05	91.61	90.55	79.81
COV329X088B	35.69	91.65	90.68	81.28
COV333Y090A	38.79	92.22	89.47	83.0
COV334X090B	39.65	91.77	91.03	86.91
COV335Y091A	39.45	92.23	89.66	83.48
COV336X091A	38.67	91.77	90.96	86.18
COV337Y091B	40.6	91.77	91.05	87.95
COV338Y092B	37.98	92.18	89.33	82.26
COV339X092A	40.3	91.8	91.07	87.78
COV340Y093A	38.92	92.23	89.35	82.8
COV341X093A	37.76	91.74	90.93	85.2
COV342X093B	39.21	91.76	90.98	86.74
COV343Y094B	38.17	92.23	89.36	82.34
COV344X094A	39.79	91.74	91.0	87.27
COV345X095B	39.71	91.73	90.98	87.01
COV346Y095A	37.76	92.17	89.18	81.87
COV347X096B	39.27	91.77	90.98	86.65
COV348Y096B	37.89	92.2	89.26	81.81
COV349Y096A	38.4	92.21	89.4	82.5
COV350X097B	32.02	91.57	90.05	69.72
COV351Y098A	35.42	92.12	88.51	78.24
COV352Y097B	38.9	92.23	89.57	82.64
COV353Y098A	36.76	92.13	88.74	80.51
COV354X098B	36.21	91.72	90.73	82.43
COV355X098A	35.9	91.7	90.68	81.83
COV356Y099B	37.8	92.21	89.2	81.83
COV357X099A	37.86	91.69	90.87	85.15
COV359X100B	35.24	91.61	90.65	80.51
COV360X100A	38.41	91.64	90.88	85.73
COV361Y100B	37.94	92.17	89.23	81.95
COV362Y101A	37.84	92.23	89.24	81.86
COV363X101B	37.32	91.71	90.88	84.4
COV364X102B	37.77	91.7	90.9	84.96
COV365Y102A	35.92	92.13	88.72	79.53
COV366Y103B	38.17	92.19	89.38	82.26
COV367X103A	37.04	91.73	90.88	83.97
COV368X103B	39.42	91.77	91.02	86.96
COV369X103A	38.59	91.74	90.93	85.96
COV370X104A	38.82	91.75	90.95	86.07
COV371X104B	37.82	91.73	90.89	84.87
COV372Y105A	38.47	92.23	89.47	82.75
COV373X105A	37.97	91.73	90.93	85.32
COV374X105B	39.08	91.75	90.99	86.51
COV376Y106B	36.97	92.12	89.04	80.83
COV377X106A	38.82	91.73	90.94	86.21
COV378X107B	35.83	91.67	90.67	80.95
COV379Y107B	37.41	92.16	89.24	80.79
COV381Y108B	37.95	92.16	89.25	82.0
COV382X108A	38.48	91.7	90.92	85.97
COV383X109A	38.2	91.72	90.91	85.38
COV384X109B	37.83	91.69	90.82	84.76
COV385Y109B	36.2	92.12	88.86	79.58
COV386X110A	37.31	91.67	90.82	84.25
COV387Y110B	39.09	92.17	89.55	83.03
COV388Y111A	36.79	92.15	89.01	80.15
COV389X111B	38.34	91.73	90.93	85.23
COV390Y112A	37.75	92.22	89.31	81.92
COV391X112A	39.06	91.72	90.98	86.46
COV392X112B	38.5	91.73	90.95	85.94
COV393Y113B	36.76	92.21	88.99	80.59
COV394X113B	38.06	91.74	90.95	85.64
COV395X113B	38.17	91.76	90.96	85.53
COV396Y113A	38.57	92.21	89.42	82.68
COV397X114A	37.74	91.72	90.88	84.83
COV398Y114B	36.3	92.19	88.83	79.6
COV402X116B	35.92	91.66	90.72	81.61
COV403Y116A	36.96	92.21	89.06	80.76
COV404Y116A	36.07	92.15	88.8	79.39
COV405Y117A	36.89	92.18	89.06	80.38
COV406X117B	36.63	91.7	90.76	82.34
COV410Y119B	35.75	92.18	88.75	78.76
COV411Y119A	37.07	92.22	89.1	80.54
COV412X120A	36.86	91.7	90.82	83.44
COV413Y120B	37.73	92.23	89.29	81.92
COV414X121A	36.54	91.7	90.83	82.77
COV416X121B	37.27	91.75	90.78	83.0
COV417Y122A	34.46	92.0	87.83	71.82
COV418X122B	31.89	91.56	89.63	67.16
COV419Y123B	36.66	92.18	88.95	80.38
COV420X123A	37.95	91.71	90.86	84.73
COV421X123B	37.56	91.7	90.87	84.61
COV422Y124B	36.64	92.19	88.91	79.95
COV423X124A	35.22	91.68	90.56	79.6
COV424Y125B	37.29	92.24	89.17	80.87
COV425X125B	37.11	91.72	90.85	83.63
COV426X125A	36.44	91.69	90.76	82.52
COV427Y126A	36.61	92.16	88.91	80.44
COV428X126B	38.53	91.76	90.94	85.94
COV429Y127B	38.4	92.22	89.26	82.3
COV430X127A	38.36	91.72	90.88	85.33
COV431Y128A	37.54	92.2	89.21	81.56
COV432X128B	36.4	91.66	90.63	82.37
COV433Y128B	38.28	92.19	89.33	82.22
COV434Y129A	37.24	92.21	89.16	81.2
COV435X129B	36.01	91.7	90.61	81.29
COV436Y129A	34.81	92.12	88.36	76.84
COV437X130B	35.28	91.69	90.63	79.89
COV438X130A	35.21	91.67	90.6	79.86
COV439X130B	36.0	91.69	90.72	81.79
COV440X131B	36.07	91.69	90.64	81.49
COV441Y132B	35.85	92.17	88.76	78.75
COV442X132A	36.33	91.73	90.74	82.08
COV443Y132A	35.57	92.15	88.59	78.01
COV444Y133B	35.82	92.12	88.72	78.16
COV445X133A	35.92	91.65	90.71	81.29
COV447Y134B	36.8	92.16	89.01	80.53
COV448X134B	37.78	91.71	90.91	84.75
COV449Y134A	40.01	92.23	89.75	83.92
COV450Y135B	35.87	92.16	88.75	79.4
COV451X135A	36.13	91.69	90.73	82.0
COV452X136A	35.89	91.68	90.69	81.37
COV453Y136B	35.02	92.1	88.34	77.2
COV454Y137A	35.34	92.13	88.43	77.72
COV455X137B	35.36	91.63	90.57	80.16
COV456Y138B	36.31	92.15	88.84	79.7
COV457X138A	36.17	91.7	90.75	82.06
COV458Y139A	35.13	92.11	88.42	77.46
COV459X139B	35.71	91.69	90.69	81.15
COV464X142A	35.38	91.68	90.65	80.23
COV465Y142B	35.17	92.07	88.39	77.36
COV466X142B	36.32	91.67	90.72	82.18
COV467Y143B	35.59	92.1	88.53	77.99
COV468X143A	36.15	91.69	90.71	81.92
COV470X144A	36.96	91.7	90.79	83.4
COV471Y144B	35.19	92.08	88.25	76.79
COV472X145B	35.65	91.67	90.66	81.04
COV473Y145A	35.71	92.14	88.54	78.56
COV474X145B	35.72	91.68	90.63	81.22
COV479Y147A	36.53	92.12	88.8	80.15
COV480Y147B	34.5	92.03	88.08	75.76
COV481Y148B	35.11	92.08	88.37	77.42
COV482X148A	34.37	91.63	90.49	77.83
COV484Y149B	35.68	92.16	88.65	78.65
COV485X149A	35.14	91.65	90.58	79.69
COV486Y150B	36.33	92.19	88.84	79.61
COV487X150A	34.78	91.62	90.54	79.02
COV488Y151A	35.09	92.09	88.3	77.48
COV489X151A	37.37	91.64	90.81	84.39
COV490X151B	35.97	91.68	90.71	81.73
COV491Y152B	36.23	92.13	88.72	79.61
COV492X152A	31.51	91.56	89.8	66.97
COV493X153B	37.36	91.72	90.87	84.18
COV494Y153B	36.5	92.15	88.9	80.25
COV495Y153A	37.01	92.16	88.97	80.83
COV499Y155A	33.42	92.04	87.74	73.17
COV500X155B	36.2	91.71	90.74	82.02
COV501Y155B	34.67	92.08	88.29	76.71
COV502Y156A	35.09	92.11	88.39	77.21
COV503X156B	33.4	91.62	90.29	74.25
COV504Y157A	36.53	92.15	88.83	79.87
COV505X157B	36.27	91.65	90.71	82.43
COV506Y158B	32.85	92.01	87.5	70.51
COV507X158A	33.76	91.64	90.32	75.27
COV508Y159B	33.26	92.02	87.65	72.11
COV509X159A	35.51	91.69	90.69	80.69
COV510X160A	36.49	91.7	90.76	82.79
COV511Y160B	35.75	92.12	88.59	78.75
COV512X160B	34.52	91.66	90.57	77.98
COV513Y161B	36.63	92.18	88.95	80.58
COV514X161A	34.94	91.63	90.56	79.25
COV515Y162A	36.77	92.17	88.95	80.6
COV516X162B	37.34	91.71	90.86	84.51
COV517Y162B	34.82	92.08	88.33	77.16
COV521Y164A	35.57	92.12	88.5	78.23
COV522X164B	33.5	91.64	90.35	75.0
COV523Y165B	38.41	92.24	89.44	82.47
COV524X165A	35.55	91.69	90.72	80.56
COV525Y165B	34.81	92.09	88.26	76.68
COV526Y166B	34.87	92.09	88.33	76.96
COV527X166A	37.19	91.69	90.79	83.68
COV528Y167A	34.56	92.06	88.14	76.25
COV529X167B	35.16	91.7	90.67	79.84
COV531Y167B	35.79	92.11	88.54	78.44
COV532X168A	35.69	91.64	90.69	81.08
COV533Y168B	36.79	92.21	88.86	80.28
COV534X168B	33.82	91.64	90.44	76.09
COV535Y169A	35.31	92.19	88.58	77.66
COV536X169B	34.47	91.63	90.51	77.93
COV537Y170A	36.91	92.14	89.0	80.42
COV538X170B	36.83	91.68	90.82	82.98
COV539Y171B	34.52	92.08	88.13	76.06
COV540X171A	35.78	91.65	90.69	81.4
COV541X172A	35.79	91.67	90.67	81.54
COV542Y172B	35.32	92.12	88.46	77.85
COV543Y172B	35.05	92.1	88.34	77.44
COV544X172A	35.86	91.68	90.72	81.48
COV545Y173A	38.07	92.21	89.24	81.71
COV546X173B	36.2	91.72	90.78	82.02
COV548X174A	35.99	91.67	90.74	81.74
COV549Y174B	33.89	92.04	88.01	74.1
COV550Y175B	35.71	92.1	88.56	78.27
COV551X175A	35.1	91.67	90.57	79.04
COV552Y175B	36.54	92.16	88.89	79.91
COV553Y176B	35.32	92.13	88.48	77.74
COV554Y176A	36.15	92.19	89.03	79.34
COV555Y177B	36.9	92.15	88.89	80.42
COV556X177A	37.69	91.68	90.89	85.0
COV557Y177B	35.75	92.13	88.58	78.48
COV561Y180A	35.18	92.13	88.45	77.8
COV562X180B	33.88	91.63	90.43	76.33
COV563Y181A	35.89	92.14	88.68	78.85
COV564X181B	36.48	91.68	90.72	82.55
COV565X181A	36.02	91.66	90.74	81.52
COV566X182A	36.02	91.68	90.75	81.94
COV567Y182B	36.67	92.17	88.97	80.44
COV568X182A	35.64	91.71	90.72	81.17
COV569X182B	36.13	91.71	90.8	82.46
COV573Y184A	36.1	92.17	88.78	79.48
COV574X184B	36.45	91.67	90.79	82.73
COV575Y185B	35.0	92.16	88.35	77.05
COV576X185A	37.99	91.75	90.97	85.31
COV577Y186B	35.62	92.12	88.7	78.19
COV578X186A	36.1	91.66	90.72	81.7
COV579X187A	37.06	91.62	90.75	83.61
COV580Y187B	36.44	92.14	88.95	79.92
COV581X188B	36.6	91.66	90.75	82.93
COV582Y188A	37.26	92.15	89.2	80.23
COV583Y189A	37.65	92.14	89.32	81.72
COV584X189B	38.27	91.67	90.9	85.67
COV585Y189B	39.85	92.19	89.86	83.75
COV586X190B	41.73	91.72	91.09	88.54
COV587X190A	40.93	91.74	91.06	88.18
COV590X192B	38.32	91.62	90.84	85.22
COV591Y192A	39.08	92.22	89.59	83.32
COV592Y193A	39.23	92.2	89.64	83.38
COV593X193B	38.5	91.65	90.88	85.64
COV594Y194A	38.69	92.17	89.46	82.91
COV595X194B	39.38	91.72	91.03	87.22
COV596Y194A	38.37	92.18	89.4	82.67
COV597Y194B	35.62	92.07	88.53	78.63
COV598X195A	38.78	91.65	90.93	86.42
COV599Y195B	38.18	92.19	89.37	82.54
COV600X196A	37.15	91.69	90.87	84.29
COV601Y196B	39.74	92.23	89.79	83.93
COV602X197A	35.45	91.66	90.72	81.1
COV603Y197B	39.19	92.23	89.61	83.35
COV604X198B	36.25	91.68	90.82	82.43
COV605Y198A	38.74	92.21	89.58	83.03
COV606Y198B	36.42	92.17	88.94	80.28
COV607X199A	37.73	91.67	90.88	85.11
COV608X199B	36.64	91.6	90.74	83.4
COV609X200A	38.3	91.76	90.94	85.79
COV610Y200B	36.27	92.18	88.85	79.88
COV611Y201B	37.71	92.17	89.35	81.15
COV612X201A	38.96	91.71	90.94	86.37
COV617Y204B	37.1	92.13	89.05	81.03
COV618X294A	37.51	91.69	90.9	84.9
COV619Y204B	37.62	92.18	89.19	81.81
COV620X205A	35.74	91.65	90.74	81.85
COV621Y205B	38.34	92.17	89.35	82.5
COV622Y206A	37.03	91.78	88.64	80.41
COV623X206B	29.95	91.52	88.99	59.12
COV624Y207B	31.49	91.91	86.9	66.63
COV625X207B	31.61	91.57	89.82	67.31
COV626Y207A	30.77	91.84	86.55	63.86
COV627Y207B	32.15	91.93	87.11	68.55
COV628X208B	31.39	91.56	89.77	66.42
COV629Y208A	31.59	91.91	86.99	66.98
COV630Y209B	31.32	91.89	86.77	65.68
COV631X209A	31.02	91.53	89.54	64.5
COV632Y209B	30.98	91.86	86.66	64.5
COV633X210A	31.39	91.56	89.74	66.58
COV634Y210B	31.4	91.9	86.86	66.24
COV635X210B	31.68	91.57	89.91	67.74
COV637X211A	30.23	91.56	89.3	60.78
COV638Y211B	30.66	91.84	86.39	62.65
COV639Y212A	31.29	91.87	86.69	65.29
COV640X212B	31.21	91.54	89.7	65.55
COV641Y213A	30.22	91.61	86.19	61.43
COV642X213B	31.96	91.61	89.94	68.01
COV643X213B	30.86	91.59	89.7	64.11
COV644Y213A	32.01	91.95	87.08	68.03
COV645Y214A	29.71	91.74	85.61	57.46
COV646Y214B	30.97	91.85	86.62	64.48
COV647Y215B	30.06	91.82	86.01	59.76
COV648X215A	30.42	91.51	89.3	61.85
COV649Y215A	29.68	91.73	85.72	58.06
COV650Y216B	30.01	91.74	86.0	59.89
COV651X216A	30.14	91.53	89.15	59.93
COV652X216A	29.81	91.48	88.97	58.41
COV653Y217A	29.74	91.77	85.84	58.56
COV654X217A	29.71	91.49	88.85	57.46
COV655X217B	29.87	91.5	88.89	58.34
COV656X218A	30.69	91.56	89.46	62.96
COV657Y218B	30.67	91.85	86.44	63.06
COV658X219A	30.44	91.52	89.27	61.81
COV659Y219B	29.82	91.79	85.86	58.58
COV660Y220B	30.68	91.84	86.48	63.15
COV661X220A	30.34	91.54	89.29	60.95
COV662Y221A	32.17	91.93	87.26	69.69
COV663X221B	30.51	91.52	89.34	61.93
COV664Y221A	37.83	92.17	89.26	82.12
COV665Y222B	38.09	92.2	89.36	82.4
COV666X222A	35.39	91.66	90.7	80.74
COV667Y222B	36.01	92.13	88.75	79.37
COV669Y223A	37.56	92.18	89.12	81.77
COV670X222B	35.99	91.69	90.79	81.72
COV671Y223A	34.95	92.12	88.36	77.28
COV672Y224B	37.62	92.17	89.19	81.66
COV673X224A	38.25	91.74	90.93	85.56
COV674Y224B	36.13	92.15	88.75	79.5
COV675Y224A	36.95	92.15	89.06	80.99
COV676Y225B	38.0	92.18	89.33	82.31
COV677X225A	36.64	91.71	90.86	83.15
COV678Y226B	36.67	92.15	88.94	80.53
COV679X226A	37.49	91.69	90.87	84.81
COV680Y227B	37.98	92.24	89.32	82.09
COV681X227A	37.4	91.7	90.87	84.26
COV682Y227B	36.36	92.14	88.85	80.05
COV683X228B	39.9	91.73	91.03	87.57
COV684Y228A	33.18	92.04	87.71	72.96
COV685Y228B	34.29	92.07	88.16	75.81
COV686Y229B	33.08	92.02	87.71	72.73
COV687X229A	32.06	91.58	90.03	70.23
COV690X231A	35.04	91.64	90.64	79.72
COV691Y231B	34.27	92.11	88.14	75.46
COV692X231B	36.47	91.7	90.8	82.75
COV693Y232A	36.52	92.17	88.91	80.03
COV694X233B	35.42	91.64	90.65	80.67
COV695X234B	35.36	91.67	90.69	80.4
COV696Y234A	36.26	92.11	88.61	79.17
COV697Y234B	36.66	92.16	88.77	80.05
COV699X235A	36.89	91.7	90.82	83.53
COV700Y235A	37.12	92.17	89.04	80.93
COV701X235B	37.71	91.7	90.88	84.81
COV702Y236A	38.74	92.21	89.47	82.81
COV703X236B	34.58	91.58	90.46	77.9
COV704X237B	34.61	91.64	90.45	77.96
COV705Y237A	33.22	92.02	87.69	72.58
COV706Y237A	34.44	92.09	88.09	75.41
COV710Y239A	37.85	92.19	89.18	81.4
COV711X239B	34.93	91.6	90.57	78.98
COV712Y239A	38.14	92.17	89.34	82.18
COV713X239B	36.37	91.65	90.78	83.01
COV714X240A	37.43	91.69	90.85	84.64
COV715Y240B	33.55	92.03	87.88	73.92
COV719Y242B	37.73	92.17	89.2	81.97
COV720X242A	35.3	91.67	90.68	80.13
COV721Y242A	36.13	92.15	88.71	79.28
COV722Y243B	37.98	92.22	89.31	81.96
COV723X243A	36.02	91.7	90.74	81.66
COV724Y243B	35.17	92.15	88.54	77.51
COV727Y245B	36.07	92.16	88.7	79.04
COV728X245A	33.63	91.66	90.48	75.88
COV729Y246A	38.21	92.25	89.35	82.21
COV730X246B	35.54	91.67	90.56	80.32
COV731X246A	35.58	91.73	90.63	80.37
COV732Y247B	33.02	92.04	87.57	71.79
COV733X247A	35.68	91.67	90.63	80.91
COV736Y249A	35.23	92.1	88.49	77.89
COV737X249B	36.13	91.7	90.68	81.62
COV738Y250A	34.65	92.13	88.26	76.15
COV739X250B	35.48	91.68	90.63	80.38
COV740Y251B	36.58	92.2	88.83	79.79
COV741X251A	34.81	91.63	90.47	78.69
COV742Y252B	34.87	92.1	88.3	76.86
COV743X252A	34.93	91.63	90.45	78.91
COV744Y252A	35.56	92.09	88.53	78.25
COV745Y253A	35.09	92.09	88.25	76.89
COV746X253B	34.41	91.67	90.44	77.27
COV747Y253B	35.53	92.15	88.53	78.08
COV_556K	34.39	92.02	87.98	75.21
COV_557K	35.98	92.11	88.45	78.38
COV_558K	34.52	91.98	87.74	73.53
COV_559K	34.15	92.02	87.87	74.55
COV_560K	34.63	92.08	88.16	76.18
COV_561K	35.53	92.08	88.45	78.12
COV_565K	34.35	92.04	88.01	75.31
COV_568K	34.07	92.02	87.93	75.14
COV_582K	36.35	92.13	88.75	79.73
COV_871K	39.97	91.77	91.06	87.23
COV_872K	37.8	92.22	89.16	81.71
COV_873K	37.43	91.7	90.89	84.18
COV_875K	40.03	91.75	91.04	87.3
VOC0001	33.09	91.63	90.22	73.17
VOC0002	33.48	91.98	87.62	72.57
VOC0003	33.6	92.03	87.78	74.04
VOC0004	32.67	91.61	90.01	70.1
VOC0005	33.65	91.97	87.46	72.26
VOC0006	33.73	92.02	87.83	73.4
VOC0007	32.85	91.58	90.14	72.32
VOC0008	33.45	91.65	90.36	74.87
VOC0009	34.38	91.66	90.48	77.48
VOC0010	34.36	91.65	90.53	77.6
VOC0011	34.68	91.64	90.56	78.77
VOC0012	34.88	92.1	88.27	76.84
VOC0013	33.85	92.06	87.93	74.75
VOC0014	33.83	92.08	87.89	74.22
VOC0015	32.87	92.0	87.47	71.28
VOC0016	32.17	91.96	87.24	69.24
VOC0017	34.09	92.03	87.96	75.06
VOC0018	34.53	92.1	88.17	76.22
VOC0019	34.62	92.1	88.23	76.71
VOC0020	34.19	92.01	87.92	74.99
VOC0021	33.71	92.04	87.81	74.07
VOC0022	34.8	91.69	90.51	78.64
VOC0023	34.55	92.08	88.11	75.91
VOC0024	34.28	92.09	88.06	75.61
VOC0025	34.98	92.11	88.37	77.24
VOC0026	34.06	92.08	88.06	75.22
VOC0027	34.65	92.08	88.14	76.52
VOC0028	34.12	92.04	88.02	75.17
VOC0029	33.58	91.66	90.35	75.07
VOC0030	34.51	91.63	90.48	78.07
VOC0031	34.36	91.61	90.51	77.5
VOC0032	34.27	92.08	87.93	74.93
VOC0033	34.49	92.05	87.89	74.75
VOC0034	34.09	92.07	87.94	74.41
VOC0035	34.62	92.07	88.1	75.47
VOC0036	34.35	92.06	88.06	75.44
VOC0037	33.92	92.06	87.88	74.08
VOC0038	34.58	92.1	88.03	75.93
VOC0039	34.68	92.04	88.04	75.55
VOC0040	34.21	91.67	90.46	76.91
VOC0041	34.63	92.09	88.21	76.38
VOC0042	33.49	92.04	87.75	73.14
VOC0043	33.02	92.03	87.55	71.56
VOC0044	33.25	91.64	90.21	73.49
VOC0045	33.57	92.02	87.75	72.94
VOC0046	34.07	92.08	88.01	74.65
VOC0047	33.28	92.03	87.6	72.17
VOC0048	33.99	92.07	87.9	74.42
VOC0049	33.79	92.02	87.85	74.16
VOC0050	33.02	92.06	87.56	71.48
